ICT&health.nl: 18 (13.138686131386862%)
Telecompaper: 15 (10.948905109489052%)
Datanews: 11 (8.02919708029197%)
Security.nl: 9 (6.569343065693431%)
RTL Nieuws: 8 (5.839416058394161%)
Bright.nl: 8 (5.839416058394161%)
AG Connect: 6 (4.37956204379562%)
Tweakers: 5 (3.64963503649635%)
Het Financieele Dagblad: 4 (2.9197080291970803%)
Androidworld: 4 (2.9197080291970803%)
Volkskrant: 3 (2.18978102189781%)
Emerce: 3 (2.18978102189781%)
AD.nl: 3 (2.18978102189781%)
iCulture: 3 (2.18978102189781%)
Dutch IT-channel: 2 (1.4598540145985401%)
One More Thing: 2 (1.4598540145985401%)
TechPulse: 2 (1.4598540145985401%)
Marketingfacts: 2 (1.4598540145985401%)
Parool.nl: 2 (1.4598540145985401%)
Binnenlandsbestuur: 2 (1.4598540145985401%)
Medisch Contact: 2 (1.4598540145985401%)
Plusonline: 1 (0.7299270072992701%)
XGN.nl: 1 (0.7299270072992701%)
Want: 1 (0.7299270072992701%)
Techzine.nl: 1 (0.7299270072992701%)
NOS: 1 (0.7299270072992701%)
De Tijd: 1 (0.7299270072992701%)
Nationale Zorggids: 1 (0.7299270072992701%)
wnl.tv: 1 (0.7299270072992701%)
LekkerCryptisch: 1 (0.7299270072992701%)
NRC: 1 (0.7299270072992701%)
iPhoned.nl: 1 (0.7299270072992701%)
Geenstijl.nl: 1 (0.7299270072992701%)
Innovation Origins NL: 1 (0.7299270072992701%)
Computable: 1 (0.7299270072992701%)
RTV Oost: 1 (0.7299270072992701%)
VRT NWS: 1 (0.7299270072992701%)
AGF.nl: 1 (0.7299270072992701%)
Mr. Online: 1 (0.7299270072992701%)
EenVandaag: 1 (0.7299270072992701%)
Ditjes en Datjes: 1 (0.7299270072992701%)
RTV Noord: 1 (0.7299270072992701%)
