ICT&health.nl: 21 (11.731843575418994%)
Datanews: 20 (11.1731843575419%)
Telecompaper: 17 (9.497206703910614%)
RTL Nieuws: 13 (7.262569832402235%)
Bright.nl: 13 (7.262569832402235%)
Security.nl: 11 (6.145251396648044%)
Het Financieele Dagblad: 8 (4.4692737430167595%)
AG Connect: 7 (3.910614525139665%)
Tweakers: 5 (2.793296089385475%)
Volkskrant: 4 (2.2346368715083798%)
Emerce: 4 (2.2346368715083798%)
Androidworld: 4 (2.2346368715083798%)
iCulture: 4 (2.2346368715083798%)
Dutch IT-channel: 3 (1.675977653631285%)
AD.nl: 3 (1.675977653631285%)
Medisch Contact: 3 (1.675977653631285%)
De Tijd: 2 (1.1173184357541899%)
One More Thing: 2 (1.1173184357541899%)
TechPulse: 2 (1.1173184357541899%)
Marketingfacts: 2 (1.1173184357541899%)
Parool.nl: 2 (1.1173184357541899%)
Binnenlandsbestuur: 2 (1.1173184357541899%)
Executive People: 2 (1.1173184357541899%)
Plusonline: 1 (0.5586592178770949%)
XGN.nl: 1 (0.5586592178770949%)
Want: 1 (0.5586592178770949%)
Techzine.nl: 1 (0.5586592178770949%)
NOS: 1 (0.5586592178770949%)
Nationale Zorggids: 1 (0.5586592178770949%)
wnl.tv: 1 (0.5586592178770949%)
LekkerCryptisch: 1 (0.5586592178770949%)
NRC: 1 (0.5586592178770949%)
iPhoned.nl: 1 (0.5586592178770949%)
Geenstijl.nl: 1 (0.5586592178770949%)
Innovation Origins NL: 1 (0.5586592178770949%)
Computable: 1 (0.5586592178770949%)
RTV Oost: 1 (0.5586592178770949%)
VRT NWS: 1 (0.5586592178770949%)
AGF.nl: 1 (0.5586592178770949%)
Mr. Online: 1 (0.5586592178770949%)
EenVandaag: 1 (0.5586592178770949%)
Ditjes en Datjes: 1 (0.5586592178770949%)
RTV Noord: 1 (0.5586592178770949%)
Joop: 1 (0.5586592178770949%)
TNO: 1 (0.5586592178770949%)
Het Laatste Nieuws: 1 (0.5586592178770949%)
