ICT&health.nl: 18 (12.244897959183673%)
Telecompaper: 15 (10.204081632653061%)
Datanews: 14 (9.523809523809524%)
Security.nl: 11 (7.482993197278912%)
RTL Nieuws: 8 (5.442176870748299%)
Bright.nl: 8 (5.442176870748299%)
AG Connect: 6 (4.081632653061225%)
Het Financieele Dagblad: 6 (4.081632653061225%)
Tweakers: 5 (3.4013605442176873%)
Emerce: 4 (2.7210884353741496%)
Androidworld: 4 (2.7210884353741496%)
iCulture: 4 (2.7210884353741496%)
Volkskrant: 3 (2.0408163265306123%)
AD.nl: 3 (2.0408163265306123%)
Dutch IT-channel: 2 (1.3605442176870748%)
One More Thing: 2 (1.3605442176870748%)
TechPulse: 2 (1.3605442176870748%)
Marketingfacts: 2 (1.3605442176870748%)
Parool.nl: 2 (1.3605442176870748%)
Binnenlandsbestuur: 2 (1.3605442176870748%)
Medisch Contact: 2 (1.3605442176870748%)
Plusonline: 1 (0.6802721088435374%)
XGN.nl: 1 (0.6802721088435374%)
Want: 1 (0.6802721088435374%)
Techzine.nl: 1 (0.6802721088435374%)
NOS: 1 (0.6802721088435374%)
De Tijd: 1 (0.6802721088435374%)
Nationale Zorggids: 1 (0.6802721088435374%)
wnl.tv: 1 (0.6802721088435374%)
LekkerCryptisch: 1 (0.6802721088435374%)
NRC: 1 (0.6802721088435374%)
iPhoned.nl: 1 (0.6802721088435374%)
Geenstijl.nl: 1 (0.6802721088435374%)
Innovation Origins NL: 1 (0.6802721088435374%)
Computable: 1 (0.6802721088435374%)
RTV Oost: 1 (0.6802721088435374%)
VRT NWS: 1 (0.6802721088435374%)
AGF.nl: 1 (0.6802721088435374%)
Mr. Online: 1 (0.6802721088435374%)
EenVandaag: 1 (0.6802721088435374%)
Ditjes en Datjes: 1 (0.6802721088435374%)
RTV Noord: 1 (0.6802721088435374%)
Joop: 1 (0.6802721088435374%)
