ICT&health.nl: 19 (12.418300653594772%)
Telecompaper: 17 (11.11111111111111%)
Datanews: 16 (10.457516339869281%)
Security.nl: 11 (7.18954248366013%)
Bright.nl: 9 (5.88235294117647%)
RTL Nieuws: 8 (5.228758169934641%)
AG Connect: 6 (3.9215686274509802%)
Het Financieele Dagblad: 6 (3.9215686274509802%)
Tweakers: 5 (3.2679738562091507%)
Emerce: 4 (2.6143790849673203%)
Androidworld: 4 (2.6143790849673203%)
iCulture: 4 (2.6143790849673203%)
Volkskrant: 3 (1.9607843137254901%)
AD.nl: 3 (1.9607843137254901%)
Dutch IT-channel: 2 (1.3071895424836601%)
One More Thing: 2 (1.3071895424836601%)
TechPulse: 2 (1.3071895424836601%)
Marketingfacts: 2 (1.3071895424836601%)
Parool.nl: 2 (1.3071895424836601%)
Binnenlandsbestuur: 2 (1.3071895424836601%)
Medisch Contact: 2 (1.3071895424836601%)
Plusonline: 1 (0.6535947712418301%)
XGN.nl: 1 (0.6535947712418301%)
Want: 1 (0.6535947712418301%)
Techzine.nl: 1 (0.6535947712418301%)
NOS: 1 (0.6535947712418301%)
De Tijd: 1 (0.6535947712418301%)
Nationale Zorggids: 1 (0.6535947712418301%)
wnl.tv: 1 (0.6535947712418301%)
LekkerCryptisch: 1 (0.6535947712418301%)
NRC: 1 (0.6535947712418301%)
iPhoned.nl: 1 (0.6535947712418301%)
Geenstijl.nl: 1 (0.6535947712418301%)
Innovation Origins NL: 1 (0.6535947712418301%)
Computable: 1 (0.6535947712418301%)
RTV Oost: 1 (0.6535947712418301%)
VRT NWS: 1 (0.6535947712418301%)
AGF.nl: 1 (0.6535947712418301%)
Mr. Online: 1 (0.6535947712418301%)
EenVandaag: 1 (0.6535947712418301%)
Ditjes en Datjes: 1 (0.6535947712418301%)
RTV Noord: 1 (0.6535947712418301%)
Joop: 1 (0.6535947712418301%)
