ICT&health.nl: 19 (12.666666666666668%)
Telecompaper: 16 (10.666666666666668%)
Datanews: 15 (10.0%)
Security.nl: 11 (7.333333333333333%)
RTL Nieuws: 8 (5.333333333333334%)
Bright.nl: 8 (5.333333333333334%)
AG Connect: 6 (4.0%)
Het Financieele Dagblad: 6 (4.0%)
Tweakers: 5 (3.3333333333333335%)
Emerce: 4 (2.666666666666667%)
Androidworld: 4 (2.666666666666667%)
iCulture: 4 (2.666666666666667%)
Volkskrant: 3 (2.0%)
AD.nl: 3 (2.0%)
Dutch IT-channel: 2 (1.3333333333333335%)
One More Thing: 2 (1.3333333333333335%)
TechPulse: 2 (1.3333333333333335%)
Marketingfacts: 2 (1.3333333333333335%)
Parool.nl: 2 (1.3333333333333335%)
Binnenlandsbestuur: 2 (1.3333333333333335%)
Medisch Contact: 2 (1.3333333333333335%)
Plusonline: 1 (0.6666666666666667%)
XGN.nl: 1 (0.6666666666666667%)
Want: 1 (0.6666666666666667%)
Techzine.nl: 1 (0.6666666666666667%)
NOS: 1 (0.6666666666666667%)
De Tijd: 1 (0.6666666666666667%)
Nationale Zorggids: 1 (0.6666666666666667%)
wnl.tv: 1 (0.6666666666666667%)
LekkerCryptisch: 1 (0.6666666666666667%)
NRC: 1 (0.6666666666666667%)
iPhoned.nl: 1 (0.6666666666666667%)
Geenstijl.nl: 1 (0.6666666666666667%)
Innovation Origins NL: 1 (0.6666666666666667%)
Computable: 1 (0.6666666666666667%)
RTV Oost: 1 (0.6666666666666667%)
VRT NWS: 1 (0.6666666666666667%)
AGF.nl: 1 (0.6666666666666667%)
Mr. Online: 1 (0.6666666666666667%)
EenVandaag: 1 (0.6666666666666667%)
Ditjes en Datjes: 1 (0.6666666666666667%)
RTV Noord: 1 (0.6666666666666667%)
Joop: 1 (0.6666666666666667%)
