ICT&health.nl: 21 (11.931818181818182%)
Datanews: 20 (11.363636363636363%)
Telecompaper: 17 (9.659090909090908%)
RTL Nieuws: 13 (7.386363636363637%)
Security.nl: 11 (6.25%)
Bright.nl: 11 (6.25%)
AG Connect: 7 (3.977272727272727%)
Het Financieele Dagblad: 7 (3.977272727272727%)
Tweakers: 5 (2.840909090909091%)
Volkskrant: 4 (2.272727272727273%)
Emerce: 4 (2.272727272727273%)
Androidworld: 4 (2.272727272727273%)
iCulture: 4 (2.272727272727273%)
Dutch IT-channel: 3 (1.7045454545454544%)
AD.nl: 3 (1.7045454545454544%)
Medisch Contact: 3 (1.7045454545454544%)
De Tijd: 2 (1.1363636363636365%)
One More Thing: 2 (1.1363636363636365%)
TechPulse: 2 (1.1363636363636365%)
Marketingfacts: 2 (1.1363636363636365%)
Parool.nl: 2 (1.1363636363636365%)
Binnenlandsbestuur: 2 (1.1363636363636365%)
Executive People: 2 (1.1363636363636365%)
Plusonline: 1 (0.5681818181818182%)
XGN.nl: 1 (0.5681818181818182%)
Want: 1 (0.5681818181818182%)
Techzine.nl: 1 (0.5681818181818182%)
NOS: 1 (0.5681818181818182%)
Nationale Zorggids: 1 (0.5681818181818182%)
wnl.tv: 1 (0.5681818181818182%)
LekkerCryptisch: 1 (0.5681818181818182%)
NRC: 1 (0.5681818181818182%)
iPhoned.nl: 1 (0.5681818181818182%)
Geenstijl.nl: 1 (0.5681818181818182%)
Innovation Origins NL: 1 (0.5681818181818182%)
Computable: 1 (0.5681818181818182%)
RTV Oost: 1 (0.5681818181818182%)
VRT NWS: 1 (0.5681818181818182%)
AGF.nl: 1 (0.5681818181818182%)
Mr. Online: 1 (0.5681818181818182%)
EenVandaag: 1 (0.5681818181818182%)
Ditjes en Datjes: 1 (0.5681818181818182%)
RTV Noord: 1 (0.5681818181818182%)
Joop: 1 (0.5681818181818182%)
TNO: 1 (0.5681818181818182%)
Het Laatste Nieuws: 1 (0.5681818181818182%)
