ICT&health.nl: 18 (13.043478260869565%)
Telecompaper: 15 (10.869565217391305%)
Datanews: 11 (7.971014492753622%)
Security.nl: 10 (7.246376811594203%)
RTL Nieuws: 8 (5.797101449275362%)
Bright.nl: 8 (5.797101449275362%)
AG Connect: 6 (4.3478260869565215%)
Tweakers: 5 (3.6231884057971016%)
Het Financieele Dagblad: 4 (2.898550724637681%)
Androidworld: 4 (2.898550724637681%)
Volkskrant: 3 (2.1739130434782608%)
Emerce: 3 (2.1739130434782608%)
AD.nl: 3 (2.1739130434782608%)
iCulture: 3 (2.1739130434782608%)
Dutch IT-channel: 2 (1.4492753623188406%)
One More Thing: 2 (1.4492753623188406%)
TechPulse: 2 (1.4492753623188406%)
Marketingfacts: 2 (1.4492753623188406%)
Parool.nl: 2 (1.4492753623188406%)
Binnenlandsbestuur: 2 (1.4492753623188406%)
Medisch Contact: 2 (1.4492753623188406%)
Plusonline: 1 (0.7246376811594203%)
XGN.nl: 1 (0.7246376811594203%)
Want: 1 (0.7246376811594203%)
Techzine.nl: 1 (0.7246376811594203%)
NOS: 1 (0.7246376811594203%)
De Tijd: 1 (0.7246376811594203%)
Nationale Zorggids: 1 (0.7246376811594203%)
wnl.tv: 1 (0.7246376811594203%)
LekkerCryptisch: 1 (0.7246376811594203%)
NRC: 1 (0.7246376811594203%)
iPhoned.nl: 1 (0.7246376811594203%)
Geenstijl.nl: 1 (0.7246376811594203%)
Innovation Origins NL: 1 (0.7246376811594203%)
Computable: 1 (0.7246376811594203%)
RTV Oost: 1 (0.7246376811594203%)
VRT NWS: 1 (0.7246376811594203%)
AGF.nl: 1 (0.7246376811594203%)
Mr. Online: 1 (0.7246376811594203%)
EenVandaag: 1 (0.7246376811594203%)
Ditjes en Datjes: 1 (0.7246376811594203%)
RTV Noord: 1 (0.7246376811594203%)
